spawn-location:
  world: world
  x: 63.40932633786135
  y: 114.0
  z: -18.422744158389538
  yaw: 41.868183
  pitch: 3.1460059
