spawn-location:
  world: world
  x: -0.5678661005484201
  y: 102.0
  z: 38.518495386782284
  yaw: -0.2713318
  pitch: 90.0
