spawn:
  world: world
  x: 63.40932633786135
  y: 114.0
  z: -18.422744158389538
  yaw: 38.87321
  pitch: 75.69072
