Homes:
  main:
    X: -403.90858981612706
    Y: 89.0
    Z: -251.33701190405353
    Yaw: 108.516205
    Pitch: 27.285591
    World: world
